283526807
886843
281413218
225950249
226587844
1017027342
740038308
320085757
324648563
1019721275
969146405
242940897
258013197
264858085
369365584
561649154
236213335
256248700
17348459
415238968
269146760
267306039
1013885565
254636485
229191751
242419637
687147543
11693313
1027790378
328773396
1027354771
73141308
263364940
247445618
261402777
335391089
351532609
676987146
787244
311306871
2232978
413555645
642029917
358215388
436890192
7810528
780889086
965339971
253916213
532290497
39261782
549754473
254570373
244917906
41858115
827538552
1663856
43087596
251952371
1026361628
242366951
253235752
1008982544
64077
249968307
1035268783
8638294
1016530151
264895475
257619289
853079072
737785325
235791202
10911257
257838502
316337155
282518535
249684888
256522907
1026452792
362213263
265242
248638626
289261299
733548
236897823
17109329
1005664833
72378373
2735623
237823465
249920079
259078989
538702378
299883062
247446068
219788268
1792200157679733
5248939
253804102
1015649974
306484131
237882279
328109818
214963059
338285172
933007882
4415275
533497266
235138789
252824555
298952521
248497601
269244850
515708692
251997222
229668512
308856785
307571794
266095577
287785510
413005296
270721046
25531608
222306121
1598727
4196050
271822892
888456579
235006693
8264131
1003069885
248126635
1018989303
634055174
872562460
302184018
254549105
1033671269
265184033
18809988
288958630
692177473
960284650
235408510
512610968
235135595
249915883
248273797
520891099
319977135
4835749
250581497
392989075
385442554
865597739
962249018
449888136
2473772
266698353
328684090
1025072653
242013099
264591070
239592609
298177040
256360742
18594680
345064405
684253099
277984033
37309993
235737927
243005245
332349686
281224047
260240173
276415586
235145446
2844512
5388008
321443737
236097267
69794766
284311110
252077424
66756489
446674336
490916645
485499769
428004630
263280123
237831367
1033385314
305990461
122519783
213044961
212989891
223211269
337182462
507660318
1021956064
317444036
518903228
234276089
235420861
214823
892236356
1026170369
563472
367714604
517586041
245225158
280672568
219412672
264087532
326077484
391010
253137881
380518557
433046845
310539918
25536710
275827020
521136116
267981222
221723687
273028821
247437965
261230170
7883327
1032713953
349025451
302483995
461630033
237295551
366031687
245451018
222713212
266987758
577183042
591534004
4143823
236125860
1030589388
254213996
765058070
796354482
287339601
236259834
7093035
1501086
362821743
4700604
1029274916
283242241
465989326
238922496
614902720
4472481
696295934
244909764
242066016
221726908
1023387681
234499382
280670944
257479361
1228307
262987354
13113342
360564577
279110216
933334905
580429009
258937602
236966228
279390246
176777699002000
256979886
360264699
1709129
995045100
1089103411175920
580199214
464819368
243948130
1029611888
285357340
603832397
3056363
1020129034
255391567
319826482
1014273583
277485214
240568160
37557158
244796568
6975144
249333615
836727186
602177472
248301185
470156914
407042660
1025529971
294080598
320340913
256843539
264349473626023
290078947
565621287
271175814
263295312
227255679
235073156
347052429
451192244
300594646
374006664
291637346
567568073
269037669
292171368
909862206
807101632
391921026
1027252219
112053
258185617
295728949
338186119
11049876
484387311
235628817
1022470844
226291737709519
633940705
240692574
1428660
3036655
293910740
539301398
259904839
305535097
299970167
253596262
591428255
1029828949
247239543
445524930
623385734
240569256
1780378808895605
255461858
31854809
11700045
235266487
48670103
263343711
605216506
317818596
608512818
276379144
454181
276703686
712635904
1015665417
849488789
647487956
568640324
7343006
643606487
248982971
592134076
321264458
253127879
265934166
291502294
282768797
615229223
111746196
242227985
434481556740757
1589255
313964843
268976901
1020183826
1022143207
236763644
294143922
273022264
743282201
6865754
701793990
311325043
361569169
353748225
263212757
689563534486426
305207285
727672589
255015790
243133465
1574518759545683
600574479
352092646
191881297893780
1022823471
574083827
5155356
1025492197
388351094
2664296
1006310877
946418909
603563697
273656527
261045222
288289691
303891278
1025727
13179771
272869873
334464110
35747994
307714779
416769040
252253327
491786277
1023494316
239994126
290127705
308059543
260809882
851368453
887681320
268809897
245155277
341639646
582728531
263096386
301168869
479063422
1022934765
780466645
598569205
405721757
969575169727541
300144570
115649888513424
237990775
234682746
746984195
385738138
715493927
234735895
495205
114591
544879603
914136553
249988726
768394885
764750522
320034684
588621923
265651585
249978034
261202308
1028195706
330509557
283421098
370192899
813096755
246278129
480344174
1022545064
1021642549
254736325
272682505
516172716
260664481
951329217
294898786
989163921
276956900
305516445
268272287
1028418169
244499327
277858001
886991184
1010941901
1027191852
1010513575728277
309704325
355247429
757037
376155894
457563910
235409661
638004301
1018427160
217548368579147
983400
254116766
1019373000
317068607
209264682501518
410304191
374309528
720900325
241216119
486792237
237595298
605943519
1009213875
295064523
265119465
815555214
246514752
1027251439
537083062
292862360
389516566
131311293615173
1032118126
779702090
450396716
435987849
1049852158462195
903851268
599410780
297294433
652000852
6766193
228535565
393794538
237301554
237967812
267502086
633554400015640
1024669380
249803456
567928873378289
254864197
213646595
950269817
272870429
348410
32204393
281514106
973746722704059
1016161626
798938883
1023941938
486928590
34937978
319445256
1025089214
4741299
534228272
365371675
227751551
1019781456
268840357
9257087
237293534
326529953
933209306
240731806089676
1014248548
285811870
597907686
913516106
426726803
266018723
723565558
11463676
531453976
2716002
348727240
286896408
981281
184266068714206
825726590
438342489530485
314117728
254023505
588597081
252847997
1034837501
7546336
272615813
421636120
258603957
260456974
379203557
594870198
266844176
47560050
316445055
1054569841292980
519084660
323078833
239325001
1065356926943389
1022248070
1536386819996262
247138090
453916386
11293554
404880908
252193994
615094344
254553863
10972425
1020638048
229156295
564189859
262959925
85209576
240884020
244045484
391387235
579445127
1836261
270607108
20782470
779098489
1033609178
277043906
110299805976098
254684042
1108352665866358
83851779
692899932
1023013809
279429191
621739591
354983496
708899268
1705710013036199
300247944
246397197
36800310
1717805495145626
1408366092800537
266851642
3546752
265287966
478370545
31289582
18152934
235147473
298166424
491606133
2666008
1006221040
662253586
449970652
224269780
658216163
283450018
2009725
1029542022
33934600
17439937
236419911
309574613
299322408
946214262
640023364
237132912
247416251
737619857
403882563
237359434
3347522
16802751
279117410
1024862580
537369718
280054497
945338267
28669
228303286
584511425
1015665516
276275288
1031221142
574352427
327792239
273370024
276783037
1023041428
528511676
253008810
362778802
76947025
442840038
471644499
40551861
309696384
343281006
613617651
1032431682
1019483210
289190338
792581396
253994334
157912014230705
1014542324
13449790
234343207
309553667
670061559
281593448
890034008
592022619
1794910860757152
1030094093
631841737
248517435
324700985
786916454
302820372
319863714
746981315
1026138440
245759247
1018743911
313008867
31829796
254006401
469399538
328760995
282029871
270078299
269652647
1028183345
337448431
263756847
3041282
997744933
1943605
563382566
606323199
1025221149
254678154
657456265
286996970
252644478
1009299775
164403786904335
252871259
462337151
287956205
789764029
285618467
978341046
108235339197718
810898294
1020312109
632874458
469725183
13420059
1017926629
299899252
47873645
647453031
886049252
295007356
391949369
572362048
257882909
2087446
306397246
957813698
139587389446747
284113882
819026047
251086810
711682157
649053128591777
450155200
582934205
617215972
16308348
837456117
300090440
604982724
1029032048
1009603045
1030595559
719371510
739300888
507110479492798
292953231
430015607050508
791640092
246489907
49801731
288111952
592490461
767002186
613864021
851836876
333552896
669399295
265067527
244457927
4425066
413837082
1002962893
418325667
322020589
612921175
425544129
262902839
274731870
1007939681
315496167
1016092076
650563410
498238715
674246878
249076623
1029401885
1030847216
1030602294
1014419972
431370350
235804629
321131002
1026977611
584040743
131726984007476
629925617
24256722
247354458
271191036555582
707943361
1033036620
257674681250737
449283444
4514423
48170850
274058306
993688050
266602525
328018154
1016011839
837957546
313553550
574615737
1034944200
565565501
1024492476
400713481
524847878
234725778
779385530
414110563
582013122
411274390
389531471
434735231
683792971
688162852
1030219910
260759234
214583374
348310508889748
719112295
266964782
1017847443
1702751919941649
273326151
296833629
1235341489835602
271775478
283210710
315486243
252805981
7555994
297635712
502873847
271850759
589388908
273352417
1019421966
33968
236924557
324596230
487640028
246606396
1018883078
743549669
444709631
666532450
608527685
1022327314
656269143
246594127
541284442746473
11695979
322704240
883636101
730802542
239426086
357559247
107125546070477
1019942701
1015144587
254670856
931403563
279971342337202
897171304
1020986115
292083912
299874166
1019929333
923340379
447297612
632473277
490599771
294022141
7469830
1030330160
101045356630805
400902405
1018095913
22370323
1011083423
24016998
505593786
674202545
661320685
774935185
21604626
1020660478
399850613
964087496
222531605
756356735
146474604
621463079
374994920
1022294401
1803534
1016549157
159019161170358
294133022
302022545
360149297405305
378405107
1012961260
144286589266342
3924612
759285980
785278416
27564616
826066148
420483581
838256085
4960691
288027714
367999888
298300997
324781410
3379500
244270818
582213372
527957902
605219855
307463175
524617052
391897116
261510937
396901693
1897097
825395817
1018022384
300450539
1107093552637060
9255307
44374282
254089148
1019158235
432177373504429
313436200
201839796903886
479747264
1094719
364728863733468
254940291
913284898
186460398200339
822883236
291570117
1004030400
244005237
259911167
298481212
370161693
1032033084
967877158
403351259
773115
176434192846824
441518052
612707278874061
10343579
296299827
22232584
22160520
484259501
265144218
252882417
305862575
191765454591571
1032569101
883756849
43205341
763974250
1006165181
929095356
517782263
380330912
287204217
351484141
822954167
963055941
268423968
1006009083
334587484
3185004
1022215731
689434505
1022539074
1023352093
921436567
1014904553
256693528
453553637
437747
721520020
270962022
168692573162231
1034577161
661110160
321088838
405772471
652209421
387369127
1017458018
236341235
1031825875
902019654
30615927
629739765
1019952148
114119802045932
252224133
465126738
1020319047
281185921
455440895
339145094
384979472
358430724
342333596
68412314
835535504
265202759
361739377315258
306869929
327679302
1022325884
7994629
598497702
1018470347
276465664
236957230
319149308
1026303035
720909814
294903023
236496608
1830529990550668
271897597
576586257
689063303
250485014
177633989349894
54777104
1002458858
374052441
288147993
598738019
386897274
1023732607
659774977
907563282
28951191452
807061
133703066678654
285456479
4548960
263659507
253287194
876908381
319126404
554220855
617916209
386144794782190
105771907
803824899759680
253703184
1019367751
427076557
480272581
499982291
1018493923
8642656
1033573463
588641146
250734196
322832734462767
809089081
957831350
536662629696550
751917016
1015232905
1021242913
533837633
1495973733998546
648464842
1014926168
285345371
21069178
752415342
1022116291
280877492245358
278032781
229026
350505248
1008534178
864543950
799346771
375013453
221102224641383
718954572
15470766
1026686267
302915709
238938648
1013834034
986132418
688598914
1028500620
324951123
861545482
1030080399
269082644
377807334
304824175
311245567
375750411
266068955
286549859
442331170
2150255
476812
39131116
1026797639
547804962
329865776
3991214
477237023
234798810
19639801
461664206
1034690274
1021129975
506981430
240221992
258162994
1841812166103253
883600270
778794396
217662414
495753646
835371780
336581037
1018692550
507265308
1035169086
4414193
24411205
1006058442
242105199154439
266119487
599968376
1026085633
311452717
1740198246228115
324181177706688
15456440
408130887
396181319
265235050
1019344458
721068848
235457662
273428833
903682688
324953325
729039542
980587170
293878223
397142505
210955439263044
775912513
1035105217
367812704
270481142
302184602
283359473
1033090260
391075499
692018868
2735506
370020253
328026581
969253064
908604103
613487553
580959650
755592746
894047005
1030609576
302194272
982441091886621
612937979
237499472
986742634722580
1017802399
5359575
317389678
250596487
335461859
1605078746381166
971691824
1022860561
240719858
1022316497
1021826254
173435866070812
685181634
289992888
721421943
1033143762
1032328884
1014667894
259928836
910333311
265939026
370448207
328621608
247082467
412881385
350441874
261193241
934196311
485293451536354
53594426
312416256
238138944
971293846
353972533
363982542
695923670
332489937
197962503598669
10492658
1031282351
284912811
269363330
546817365
561881328
313269841
2354028
33273190
1004691513
466297175
792928122
413243203
1007355607
98776330
441394597
525504904
547604606
773021218
438203112
1024270531
292158890
354139294
350001115
1025797995
279976269015734
1388188814817345
803085930
265181707
1588636684781469
1020482321
1511634392472162
238459630
808074232538829
314460221
666461898
141661802876350
317742418
6714379
1000704598
588288661354041
286219023
1027684021
1025074904
13917093
90041171
251823435
828165854
287852606
1023307366
305752386
1027984418
14949772
737370837
277043575691644
1031693600
775635615866732
534284145
306484884
835861269
1005479530
396621479
342848487
305960280
267235
8083283
307480132
549836513
521349260
978476425
499910939
957276892
252853813
813556846
133151683543605
424352713
1034557286
643783920
17118329
120618244677284
386747580
258676603
254606016
1025148203
473735439438600
286046244
378699794
833368184
665600678
257832905
615574851
255087219
1022329013
920996104
386947843
73947887
1019699667
792823536
238242203
286505038
2830261
103753389663177
269178809
1030757783
926178284
561773376
354823799
877758045
282161339
334786710
240290775
679929710
1023349331
272270399
333903705
186903848088043
1015231735
249639793
1020231274
1027621049
751260102
941072181
322961395
754251509
533500516
893162884133804
309785074
691512457
520374460
171085166556079
218164470
253652682
360711886
1573465339596012
879096795
83231841
317354084
1779545252280462
427806523971730
1019927353
1030686764
236317854
1017997113
508429650
1016030296
752059789
893785286
221524119
421563482
1027711082
905319511
24615370
1023450551
634896667
686313978
223196473
480177286
1021710525
288092062
602802706568717
776996092
379661360
306685826097333
593733139
266911187
134814179920474
1016114047
791890221
324467317
809548682
638864242927284
549758288
1016262933
840707154
103788456325970
300241911
403546017
265282907
238055077
238905767
370306055
258995117
248459203
294334220
365201509
632119064
427068701
487307136
11851696
551860734
31299020
215427158853443
279790042
725950191
617960709
253220590
243221180
235359430
299434887
501924799
386853312
263200850
16398568
532397445
1025540426
222849876
375933999
755827402
483305475
745893918
1178157
237327976
260027310
612791056
1027338949
349676576
861322092
1027303395
738442554
1004703362
570565484
308514829
591070011
795533955
92338936
288222407
463765274
1033068413
240259759
243049542
1017619822
214613874
66822328
557804394
17120010
675978271
252149422
429996789
1010377359
254054912
1026041246
444620948901343
575087560
239553607
943444249
1027332653
765227873
275815157
318398900
445544725
602215246
580704748
21122372
237860036
97982156
1020530172
228699278
1016147261
853637149
337577585
1022413188
354697110
252087829
1034154794
1015488751
1466012
936101211
1008151258
718553255
1022042873
363596135
4511108
269082540
300322509
588142113
250632868
272989553
513737886
327573875
320937303
658631336
381898604
650590784
393153546
251093551
466220570
322817460
274315263
13434007
896663916
1030954149
275383587
1024315001
400964061
1020453004
256447228
1028090390
73443267
282578159
385091908
82319710
1002789555
463576643
697187169
656709820
947635451
12775504
169603866755316
315957866
283059391
428680673984556
288851982
354088245
279278147
264865746
711208854
277482968
353281772
515089340
215685916
961557803936348
338531696
1652238
280736496
1027597194
660959660
291631331
269046496
883693533
377339063
571035810
345044653
1025165173
264886070
241106985
375763958
318103103
322824643
1023803095
253223119
707867899
1045330045541339
248548631
989860094396928
246436111
265300957
272612999
437828916
244921543
406845981
1028254825
262927984
708140429
111562555526334
831325926
313888241
1013226687
235446049
331543265
1020012119
1024829721
218658905
247207692
1485190151508869
293853418
259078996
221129971
292890679
463109725
849450475
551331199
392698513
1693340247573860
256807629
227259381
252672124
584940467
514330539
225890840
255501984
831267485
806940644
236582117
55461
397529829
261598950
252252905
1026551803
653502689
253118285
276968675
1035444599
6493298
240897884
378525806
20499253
247450561
1015690814
289461148074357
271677775
239857148
277480562
1016000315
337231070
238846870
282428774
252289443
249644449
259756747
863834568
268737370
962447503
277482480
234480516
1026288768
250626467
245979074
283094276
415228429
416183938
793097428
444598730
547927295358387
1584229731849351
228527473
1027244046
5173824
236915284
3350538
299961142
237049766
238804808
368439015
1030500387
1028262063
1030808906984422
250351486
741754371
248250941
558383892
699559429
908552320
569385272
493532491
268031033
852871445
264304002
249915548
240594373
1012166685
3921242
701404385
108338195857109
234450909
23921175
8481281
1006772515
264035647
721785883
839118835
252874613
743542969
515822916
243840632
489348565
410133621
314455366
217942472
3657122
298859465
3485473
331701237
252132519
273621236
242067674
793529480751219
269717000
254900346
655728277
294935131
245180977
491805849
242133855
516308533
251551192
223371825
219422604
256255698
878850283
693986
218025361
1014915009
283060469
888473354
306769440
30082811
244959757
256994000
262911560
297062410
6113073
9155601
511051547
963635690436251
59435160
467334676
275633217
518999166
16008067
444598138
242940887
257763376
249183100
213265800
1028763
3953756
294832659
494519550
288402101
1011787993
289072691
264581494
272831671
217229218
456191801
287955064
253808940
842701743
8156161
337718753
611809423
79140991
1507415
238117332
1016423368
236916702
5108157
1021804080
273945541
235076703
1031504329
4674482
264895805
687947622
58550017
638343016
227619076
169672756552803
781107621
1721351718102225
70689404
426210148
327870193
1009781751
242969776
442645825
349033445
344091682
274691933
234367809
274111806
240163875
266546266
327961108
338199998
1028341836
2482673
1028277679
430612426
690584952
269178771
438113935
253550701
264624208
240617765
766028404
685480266
243206921
234402304
1597253027242633
488369290
374999520
904496451
76660995
268202698
144458285694299
304381907
430388774
365192150
24774859
254579398
256749423
1026011769
707901212
554569153
407089033
221514781
314009471
271728888
1017450817
670738875
754870575
472798034
327704854
367093569
1595510707411838
283901098
105786473
7877060
273529518
12136167
575593432
1031449944
250515337
287235019
8030266
739989068
279308042
68008928
946565658
375235603
442687305
326603474
1014276877
392097594
252949876
308861027
1024879293
1022419181
344918145
1023279505
3818582
7586871
272061675
302047861
238741801
825423088
580484080
350931568
4549536
781935311
1017892217
1026179364
2791577
781649516
250651090
1032151263
804368764
300957816
1034662985
404030741
234419004
259708699
279996397
398706294
630149103
1020119036
1578788452353792
524744157
238579093
351053128311872
931915503
276197
293778657
327079294
356439528
288891984531098
87097072
1033828466
797541462
988454398
8380135
275855123
1005404210
33275
791720138
1035560050
415054785
308071023
312811312
357285924
2962286
398591815
299026476
273991775
396809953
515697271
300970538
25368947
699105437
301337904
265753169
251421580
692357553
119252465
377749973
434042680091213
287912632
31485283
970248
276549315
239557536
244028561
437172366
242835768
252768459
248077770
294857157
278425649
276740652
290867268
336788717
306561688
657764675
4669096
945415043
851609983
420336110
3323852
498950540
364934151
292813952
1011007152
412488092
262965741
1023475926
248178508
1034732286
316468521816515
477620131
299187520
353656956
1019178984
269323175
574927821
279773920
269693249
250655994
721622662
282639182
241415073
558626807619606
507524923
1018298652
18200816
222085475
25448277
277768429
328955321
29447473
1027257857
499923186
16774235
330428225
463698726
345389106
255361065
328639645
251126202
258126210
274426570
246558772
1008433497
1676045039276604
397038386
257561718
343607245
254001234
646049494
5110507
283218493
1017066411
461668385
288918624
115518124
1035363187
8624906
471627047
1013807179
102955552
320027836
165556473598203
438025983
254617118
2731348
598654486
18174156
4210737
278409502
511227903
1013607095
17361877
777242028
255031350
757692659
1029523366
1029585341
504426029765721
263638211
243029132
69462684
274693956
178734577
860290180
835318520
9657843
330541032
150010365140372
263193340
383767214
588534945
447162816
276678728
288899098
590054853
18278705
812127908
467493075
296777007
1027193904
1767525186831797
423044126
295084951
404197959
257894272
264689350
320845497
1025923738
513480942
1143980
450199393
752076236
379606274
275534228
271948287
95224384
239515493
266561603
729623638
1106682836088063
579268940
280684545382814
1023370365
972505449
357530043
1022688192
510059182
38212903
1009887807
432029608
284978208
250442287
241227662635976
576017902
378275173
258181329
550379831
1023192297
260195523
1027370798
283189388
847151607
941905681
383543117
486954541506469
430846646
292271574
276746851
393478379
2888472
238154004
235589212
635497724
4107381
382770517
986501686
3073477
1020549294
648321522
295267833
74926956
270146147
1007076415
597624923
1026132845
235149271
80603706
299945379
1016705112
1020544062
240776373
357575848
326530360
731219705
270676990
264263223
275641411
1025540251
271690355
752264877
243762892
510431369
235660176
255429296
596395423
501459736
306310248
1032036865
397505991
844849557
845376175
1013798436
318797555
340142610
8229237
2298515
473900231
292167123
504849212
296576319
252743982
281452253
765881226
1735958
279137405
257848397
1019829946
242740295
1026799732
1551600978479365
228466110
655756454544220
322790316
274277450
327709530
437067139827673
894552132
1029074807
7812001
235685748
458586881
837990541
741251537
51401199
351751613
236936057
7586002
236976461
1033584652
272939076
280882379
382787173
537678177
325403063
1020686963
1025812166
274686875
948163783
1013581214
267609276
251539548
87746812
864004859
2443294
513096623
245660565
391931622
636874395
725716223
667844283
840917687
884009065
359072678
614698149
276447930
1020479571
3785894
1022105422
288854035
96679905
16745910
599161711
285315694
1018845217
215012567
284362616
1021074405
269768035
1019545603
217236034
228955207221843
351792369
3851406
1478328099163547
367191227
442722288
371690281
770999419700218
859821561
1410610652541378
700379080119925
392469097
898845955
535974048
743054954
811871624
228538075
105640501
1322679381133426
409757519171197
85913994
297645993
919269191
96056404
6499651
42605226
772524728
319913058
25414630
279410962
251854840
314263340
931796187
213146049
256423378
252840121
329875291
238349218
356409149
1010861265
603240514
293057858
254543839
1035444207
739239107
236236910
616872699
307549159
1516558011905424
691776728
1628783754099350
261543175
263717785
399720685
391590758
302580980
320437031
881706705259246
324472289
130976587042125
298242405
527786261
195525387495318
12375911
639055582
268365305
91330269
320959456
584102464
314143348
1019441985
1034444110
254533651
254698121
307420527
691304886
244595732
577924290
1021506115
729584665
1007476655
291538892
3204439
584989087
258845051
725807528
1029635251
1012281422
234802821
314130265
1429104424030432
26428441
350664138
239828486
736884090
926892633
252095145
846243475532228
542906058
469373928
379912168
1869240473308099
526948705
284820508
1029352536
836040997
236813966
439534411
17976593
474923746
348770252
302343412
717093365
253922341
266950288
965134132
6462894
504785060
151533435
358282603
285645530
868435979924269
4008085
301617322
1018000135
718391721
241357235
33577711
307834600
775134041
1004625971
253092832
250727449
1027503690
375649672
542681456
727874138
336224511
249321780
1029456883756965
341343368
206639516370346
1757014
671879220
811938433
752138601522673
270677963
338566330
1029987847
275047878
930638113
283347363
708441529
1028304375
257172937
971435236
741144162652402
485190647
261711997255578
475221961
319720396
337469523
1025996649
1019150062
6957016
277457271
264124784
1031239932
778415116
1031738961
289069740
1019939551
2739841
1032553244
294730371
682370795
255610107
472833837
814045723
332322296
1660937554219445
325342370
1032665526
1021298550
291569316
78594836
1024743971
242136608
454242525
255521822
864228302
762186925
50919049
875083369
348593571
1027502063
254161294
1024004065
239141796198808
760918305
836023310
621174485
1026646874
340083453
921533442
284252962
327826727
789561504
769299527
360454148
3868051
809510774
1029552901
774813048
626163108
535148557
687878251
268246773
38042151
309724285
277978343
245838065
240708088
292856764
365880869
1023301841
551340635
378019837
521341161
1279925
261634576
405652003
303849638
270074940
237879863
254089129
292914949
279826937
425841834
263406779
301626991
353664699
700772623
665720942
947514778
397038831
407080297
776273960
1012950093
268983690
577346512
300081895
1008663506
241159177
34270343
720882669
802189110
422463436
264978872
271932311
837203
302438049
346938808838540
151515311604377
24256518
109684331
533884757
242022840
868083263
566103074
536149547
404838114
305612399818926
92085263
617125392
651941049
285390148
878505331
8897073
1003111775
350539880
797335901
628843446
300160569
1537070606566546
272570605
620046255
1012936482
388051591
1021856176
712896485
244477842
315406651
1017620608
589280601
385795447
320351879
1022239741
296754358
827382681
338177804
567864598
249272429
387804201243023
685418652
791295158
1659230247662226
1031353875
835585425
250442348
279726738
318241783
286279399
2364821
1018561221
889504003
985553787
1022108446
1028622401
696175888
668766054
1600248026865665
286834578
309710330
1017039910
1006628841
1028268383
1014596276
271647258
264042090
869555156
5946770
683518136
793755828
435878471
978264029
42111373
957589410
292237793
414047508614653
1016495424
725855900824591
260010697
287928351
1027525371
973718473
464865908
213887685613026
799700222
33732732
107621872593710
419390662
964224241
35511708
101704131
284934515
302893321
573982172
210157972435151
1003904506
283422766
499648258
308565549
243925605
1028971424
283156986
260666607652788
7428758
262400932
5090363
250722522
280414557
254159556
883396719
81824700
958018431
1029505605
1128585
12456053
390134258
1031065538
1027516399
225627298
348593819
1593238307634459
808988292
310235650
1577534622540121
891626068
928815311
480113214
254984883
576667369
1018533202
501595630
1019612927
639348619
263866289
1018463117
288059496
745941385
755398279
1025905400
183802661696135
1031494040
583410432
679901976
241243635
320883342
603389925
1655647054698971
64239217
515869144
1016861458
1016637683
10137630
661390306
437205841
1544016782580920
222405674462308
1027149833
883428705
856168036
392496129
268371133
263318174
82812219
402048465
533834796
275865369
892223262
1006165587
5110332
100372997
1019873580
274111437
1025588184
1027456641
1019706701
1684561331757536
148437937
535896960
3258429
1027083461
242460418
1020159821
764573469
829883270
1027313500
801357680
812129638
1005275218
456389201
356564059
1020343977
377806603
1003915397
1026133259
550355550
249995504
153398524842672
1024593143
442618295
1044065605660039
251326158
477693985
908334887
1001509436582070
327899537
1013576029
327943232
571401897
594098813
8642570
334733270
54151543
290710540
404246581
1030100497
289775432
1022550768
1018712427
1018135105
1016847377
117677069
338094362
443546095
879935921
312223132
751862955
694055833
276401483
508469665863857
813227506
361808424207154
333883283
564862340302087
542112174
912391439
345333546
354050643
26099824
1125822724126048
1020444108
561618350
395114792
1669258546728906
522701863
271042386
1009049879
837690140
1869711849979167
302765512
1020825024
26257007
769480300
28504210
301182473
417404695
499933526
444812707
275006656
371476976
729824122
277688448
639738269
1018147379
246596781
851323590
523933764
342576883
8953050
947848260
537086271
1014137970
739965905
1026257965
548201255
242113466
1026082699
39248851
504806229568321
1015287825
859470617
1017205107
1102374449811991
21687630
271567387
1332928990103066
323540660
577341826
433229640
1020264743
268085107
710961110
749946244
867812745
853313799
732594476
819289563
265282994
775768042
1029021961
1030241666
112509663
365748377
911022
556138608
157864597566955
747305843
1515327378797386
307541597
155358621582118
1021819148
359750686
427196467
916782805
1030362641
294205507
239684205
807491067
383071235070415
293858797
226324090
503048
420675737
510731671
129147565
301153163
353203486
820569796
795308295
261502402
19883040
494768146
19366866
250036822
553313074
976569778
514989010
271004689
242406961
1368676
723333371
1024585545
821710881
366427897
331404320
527556618
931041801
279714876
262921153
379381521
285559836
820768505
640677973
91633932
623376790
1013474028
346994416
391561296
332614579
271741356
307683578
134693803244525
435581995
376298853
813763524
219327903
582586290
567475689967020
690087627
678377838886488
32460414
1031826567
1030026034
506990179
958671167566062
1027259537
513802461
731432140
942873287
1035292119
485452
422669362
898864879
313321851
593994469
406134518
294951049
1027986509
478481191
1034537245
1024353318
525967672
1027460422
226643254032822
546572206
780733248
779613699
1575842349359089
965735
796013817
646654679
520931906
1026377386
643796606
106239093113262
200854376641245
1076713035754418
1020879889
578757485
261662937
1014900217
8534235
271014471
1014781365
1031438330
1014718210
371346825
137545940
505759078
248302664
751387644
1035274340
797345787
1016609847
368582754
1015035751
975502844
388713917
510574367
998719796
720535649
266168463408582
1021569969
531181607004379
256754470
1020958279
1032096673
1024131146
1026343119
4827292
757799018
1014809996
155837917
1017295467
362969484
526201757584731
1034485929
732642455
344037895633132
348388854
701155676
472505594
630588042
268464528
416277982
1028974055
6437597
296384897380758
1641915316072946
820562830
1018767942
1030091109
310389785
52150991
685536180
643925106
1027337044
248418155
304002160
301075300
705442629597036
347338094
1020992401
932295146
300512457
929011688
301051479
283468362
1032544541
268771045
624112881
410225791
299427857
1030106458
303836854
1024460840
283511323
840584058
274246020
262710200765103
322326899
1014542775
890445892
589788482
1021348965
1015153141
964903070
936538626408432
423622729
582169150
164223493591624
244878499
855436848
899078017
446117485
1025539885
255379024
374666507
353116745
645893999
1016865772
652127954
275689051
280952644
1019797042
829455307
283073717
1561184900818951
1029043880
389457712
1004444353
277722441
1438096573118469
609814356
1027799232
33849816
236198883
934712278
861273765
289680184
517617023
902016791
1016067416
456037026
376966939
580074375419691
243626727
820940151
248094395
303968986
453410032
327907769
1011333279
740220782
1026278420
266892576
462997240551785
546534839
1014830719
366417465
1017831228
1019700476
285932554831192
1024374708
759207846
1032288366
1008393429245315
409270045
1850204
407045519
1015108803
251349843
626478485
1018206038
217629932
190684237789863
1034224214
1003119488
723919407
1014164425
1014925581
417431127
737433320
952803691
326955327
167413306688413
264848064
896685005
17824233943
318819282
373342723
1033560272
971412273
525533940
711614098
1003036382
938880211
715162146
827421776
27737901
1034625168
632925533390998
1026302478
1015457913
393415699
875540599
1033136371
1017126822
319193628
847221441
258530344
270195409
935882077
281598647
1014415222
94891447
487255421
41856681
989292924
532077837
1021369607
618904898
272887452
229616287
1018641282
305920935
317373645
546812008
533929641
264598819
393516016
473315472846655
105696068
1268245926525367
1022779578
236331000
472859691
809087937
4110928
587287833
11152180
15490546
2161558
1158384854189336
255385364
733235396
736585841
258914401
268104206
1032425754
1014541118
256229896
975735399
288894664
875353278
276533395
483820753
326795409
240566548
849130086
467461649
441317070
426124189
274945646
450981397
1021292822
133874366756685
279968159
620626881
1002157000
300370152
967850125
825053291
259704576
1019782898
156352251061731
255318876
1010402911
403974309
1006063613
617800926
582505696
578601963
576314052467800
245132279
853945536
857722661
413042653
332821751
103827622989937
952762894
1032756840
1014291135
1018783655
868547584
235181488
247454901
818693679
992738942
390265883
1028419518
288708227
268090770
636331764
584812670
825082153
261539045
1020128400
9525944
377229686
199105487092620
1025791849
253708388
972381351
1503188
330485660
234553879
269128619
739509609
246507038
568760964
476292904
234344973
244996139
238772562
1014059980
248029617
9426564
272811680
640785
597379852
321382450
2840025
921343333
530228270
